504166
2785188
1957508
4192584
948073
1739188
3453228
2056625
1998099
396754
2915607
910662
4038430
4984897
1607401
2212484
4751278
4770615
2456933
2625498
3753222
1227700
2594073
4644210
1797732
2706417
1432215
1124957
1870563
4592361
2731783
1609990
4957472
2884335
2632998
1996199
1548022
1751871
3974903
2656468
3393331
3267774
188433
3169791
1169269
2937872
20502
2419279
4444272
1348326
452749
650037
2994318
4600649
3501495
1857141
1086443
4713368
1799714
4553571
2437832
2615189
3982089
3304650
2449042
3073659
3949096
3484462
3791009
1746163
459605
93041
3536101
1042189
1656919
1694433
1033427
696180
4987088
3002114
4326911
3140049
723439
3461610
2772047
318900
2215169
1941744
1683428
4973801
3273157
4247499
543387
2468324
1833382
2373920
2283280
3500576
65160
941107
4948806
3014525
3385709
3422463
2399575
2751163
1605340
3589976
2193879
4995223
4306919
1526919
3206918
2243050
1210762
1274384
2881507
4766767
1297485
3112366
3361308
1972603
3057498
968436
2835607
1959553
3687769
1187936
1181562
4639181
4359981
3215359
3479239
3225259
3754750
4931719
184859
777984
3641947
2812060
4537288
2890354
620952
2162868
4903380
100843
4785629
1930638
2001874
529217
3131103
3582097
4656512
1471646
422905
1999930
95056
2559959
4282931
3596411
2025113
1722808
3679546
1161269
1855324
348888
4103375
3554534
4798725
2084283
3703795
212858
3522694
1779041
2342721
4616705
3413298
78968
3382818
2736155
3191864
5953
1118285
251123
2210224
2204829
2507391
1087411
666850
2447162
3255421
4259087
2906684
2235498
2688344
3715152
3806582
958448
2677966
3820998
4304131
901413
1415071
313861
3150372
177935
2792765
3774980
4610953
1580682
4533845
885642
1437972
2481291
578696
3689117
4586075
81409
116127
3193780
967469
3205135
4148751
2433702
821063
908095
2645481
3589167
3392861
4128006
916822
2308988
3326787
2702379
3702264
3496665
1014142
3714104
28247
4505104
2532117
2901109
2559704
1371187
2590242
1253222
4393328
4065088
2670519
1745478
4395319
663126
2063662
3363356
3954799
1312953
3880
1716579
2876312
4849641
2802824
2914989
4280128
2065466
4792448
3535286
1517440
705515
105422
2430799
908742
2923044
4038969
164102
4927719
3282776
4973669
3199233
624938
4852027
3766738
2347722
353844
104426
1284900
4331737
3383892
1044554
3573476
4993906
637200
3281248
3659855
1256104
3763536
3353396
2697482
284254
4873071
2943719
4582821
365891
3574936
812766
3749078
3759497
3910251
1571465
739156
4199480
1054430
2337043
1340573
3129252
3135825
30554
3706430
3781325
4524848
4357451
3533663
1373846
1873767
4815075
2441668
3751560
357589
3643394
4940690
538501
2702057
124050
4964970
1190725
4442867
2500906
4823715
745481
818380
3299232
4255394
2886111
4902635
2669587
1733160
3771971
4204108
2845145
4256596
4014269
1137521
3483179
1484061
1339351
4556038
573042
4740872
224812
2838615
4214917
2250191
1833189
328022
4728690
3176306
788177
955826
1233551
909510
3946585
1683733
819780
1373539
3403137
4208988
356850
3750596
510872
250634
345196
722752
67598
84900
3418633
120033
4173403
3149554
2488165
2455718
3706010
470562
3444605
4936835
418660
1749502
1565006
3156024
4823309
3473430
4122336
1506515
3348217
4330062
2207903
638169
128309
1443163
762968
2362557
4498374
3350434
4849878
1137345
2770681
4342542
2583459
4345190
1113501
4871756
2899884
4674151
3654715
1245971
4832242
2031004
4874261
994817
3275185
750018
4409419
4896638
1037455
3332612
3130743
2752173
3516369
4031397
1630509
2663367
3889245
2105348
156718
3559612
4108744
1615392
669291
1523680
204371
2940219
3052462
4541184
4140687
4792567
1731408
1529365
1236535
2172834
1811359
1526458
3492730
2005579
608765
2279068
2763578
1450736
3746211
4703331
1709042
4862410
299527
4135252
259830
1896502
2548137
537105
4852654
1730378
1540762
4000466
3642861
3700237
2345994
2863464
2261039
1814577
3242126
670218
4940701
493809
2315376
2264315
3107484
4115764
3109952
4226620
2153865
349271
4349067
2014689
977234
